5.027567439510716,
8.80965558628837,
13.51461278365032,
20.51843756143271,
7.4560645185460706,
7.583578399021009,
11.878650556183993,
17.956609336018264,
12.496082432029285,
5.700869194208813,
13.058112247051184,
4.594087336581727,
11.46542816211885,
21.216782189920437,
7.317284045535706,
11.43131933269345,
12.243750524307359,
9.263007332925346,
24.881599768417182,
11.99576693043893,
6.678300499665845,
10.902224232131946,
10.520985031572076,
19.978767362349103,
4.755935292998238,
7.673121345156446,
10.941507156638943,
11.300637658835313,
5.5337527374560205,
4.929986021345579,
11.087424972418297,
14.2054254723673,
12.86785380395806,
7.007781962511763,
4.022892431997781,
9.763896681789891,
12.400926145849294,
12.996885175322033,
13.80582809648316,
8.379801929481104,
16.557028918923958,
6.729591819033622,
18.128053835358983,
8.080431201542746,
12.380980134268544,
10.621206709735652,
8.311269424902823,
5.125153170390618,
10.919528908198956,
7.45416783622776,
17.19890314431076,
8.304703880811738,
5.2228917643834,
5.778282673600112,
9.12137822385925,
2.2447809083472294,
7.772103582390704,
8.223186885233943,
9.35244583216338,
5.419959906856791,
6.568901955659815,
6.4156453555629,
9.65541443468878,
7.7034395082407014,
10.242252313019293,
10.384638570665214,
9.085473639901544,
12.856987906641494,
6.288783908493155,
2.581022374000337,
5.727825169611548,
2.5166126305309207,
13.627507897976894,
14.409338454262477,
11.766672368613191,
9.702072147404417,
10.21511557546413,
7.767836510471705,
7.643551637710734,
8.720031830619924,
10.636892989851576,
16.444603332156873,
5.33399152483097,
6.20568625180462,
8.403523272680507,
18.63270390779273,
7.655780273677195,
7.389693180441657,
7.715767927924954,
7.029201975078187,
4.052692972231716,
9.122167980122963,
8.594885829964642,
10.396600501363984,
2.0210775775772887,
7.926673408683325,
4.929022863398275,
9.163406929479777,
1.8397975635928994,
12.370291905689934,
6.240530970866759,
5.888580453200754,
15.889522955340613,
3.8922031448890424,
8.397192951788043,
3.6701393344744417,
4.179487026751504,
5.958143010164517,
7.102120875223217,
14.032821032477674,
11.757768191781647,
1.6436689905729058,
8.062379288911659,
9.729403917158848,
12.517511013548662,
5.304038491581804,
8.213725412520715,
10.86434085187991,
6.375599473207484,
15.139281077124506,
17.436360243154766,
11.502869134791624,
6.406962969011327,
8.713894988408091,
11.163865053249268,
6.196469471642182,
6.61845123063678,
12.82743417561272,
7.739605588879899,
5.363443565933231,
8.0649544306109,
12.186516921895523,
6.35001397910385,
9.479817243482696,
2.784917601314698,
5.714823949774779,
20.97330960028149,
14.179831303798107,
3.36172424916347,
4.895784428210192,
3.522714438991481,
8.5111821197512,
6.028804869987951,
10.022860923204608,
7.98981973038165,
6.406966437454789,
3.495015858125387,
8.817663470958728,
8.416097048079099,
15.601943121698259,
9.163594805467634,
5.10484384551209,
7.43008261977765,
7.197080384460548,
10.886680374144484,
10.150546957848874,
7.490650628628703,
5.728145833530833,
8.020517258446432,
8.473763422771341,
5.0700184704628555,
5.256244152615476,
6.249915694106814,
10.985069003492749,
5.901788444199832,
5.9110306764395855,
21.628289443585142,
6.1108297086833785,
10.231648238867761,
9.104044823800523,
11.116222873882581,
12.48628709261066,
11.66191236317415,
9.675001888028982,
6.736157244935831,
8.234890598562599,
6.406314851631606,
8.185021156345872,
3.8587173667832686,
8.931554727468782,
8.668111675806209,
7.381707303525702,
5.632171243523931,
4.477942577933415,
11.350052208194018,
7.719439682421072,
18.130783836194922,
12.580824425423573,
12.69476647867512,
4.02944557260941,
8.10975739437585,
11.445548490408498,
7.307166303996087,
3.534219363846794,
4.930383532203449,
14.383789000962535,
4.693884744385211,
13.078576406157737,
12.379610336777818,
14.019437876025723,
12.335482289028768,
3.6851464768507567,
16.21288298678913,
5.9377006812283675,
7.50894464583811,
6.127356829881945,
18.903686608657214,
7.827960022990565,
6.084517483018087,
5.639002150642478,
13.50114151189425,
11.605070610483935,
13.896027144808867,
8.87704583204561,
11.778850165303187,
41.85010768661435,
7.8754664371667555,
8.237097727076842,
8.112230288896864,
9.116815296970124,
16.414845593214583,
5.0941468368502925,
19.102296502170816,
5.391438984383719,
15.306604849850004,
24.34225977678818,
3.6349797352168114,
7.601829877131209,
3.8713049259205223,
5.18567600482346,
11.196294290212013,
3.2257085956698517,
7.423290090545022,
5.954480369617309,
6.794278177022654,
8.15191763162593,
4.901644203232596,
13.296459757227765,
8.955586134013338,
4.094043383869038,
10.463835409879962,
11.933373272389654,
3.14633364504632,
6.915658404353145,
9.14510548162175,
18.58753340266903,
6.9763787087848375,
7.533964345125535,
10.990499326618885,
15.4720983101933,
12.250089556258917,
8.616941238590377,
15.829781357539634,
8.274439266498346,
9.17992254570251,
5.688459660929924,
7.253255799281522,
12.68625516537977,
10.4967391117514,
8.27829571183971,
8.820841577097658,
5.4251984778644955,
9.825896921041647,
6.1777893330278255,
2.307172721902188,
6.429541680788765,
2.6559713145396415,
4.063973125480331,
6.2074110586282325,
12.372355268282453,
6.833182189208312,
4.634976153089749,
10.216643200266002,
6.44014929685164,
6.971115540461147,
7.890870738082479,
6.084592435228834,
4.97539376917805,
10.773070695707766,
9.687906598587254,
8.490470023425353,
8.733159279442358,
7.275131048644969,
5.8664619705929795,
11.949790959144464,
10.3005702115522,
6.316560659129911,
20.1274410260098,
7.415467629862167,
8.143511485304458,
7.00548608919338,
18.511450132487855,
2.8427329885024015,
4.642481938974922,
11.79444604885537,
13.82982443781243,
8.130602480449724,
4.43991363777151,
7.8537350786379605,
8.499482518730247,
2.2333253865693368,
10.974240568410444,
7.201582254659208,
7.934760496496875,
10.702009000040992,
8.968815687134793,
5.193623341889692,
7.246360310995248,
17.63723864529969,
4.116371928713427,
11.311410167030411,
10.05086576111238,
6.960691249628739,
15.546372308260581,
6.6806117363002375,
11.110140967838039,
11.558509617401693,
7.492442094231841,
3.064502847342421,
3.5761372663696456,
12.906550380730815,
16.554678401753254,
7.830261189468928,
8.755220945889953,
13.530282370685505,
